GeneID
8059234
8060845
8060849
8061399
8060896
8079646
8079658
8080199
8079685
8057357
8057044
8057368
8057369
8057370
8057377
8057072
8057074
8057082
8057096
8061133
8081225
8061162
8081253
8081254
8061169
8081260
8061192
8061193
8083919
8084151
8084155
8083938
8083941
8084184
8084185
8083962
8084187
8086186
8086191
110432018
8083975
8086194
8085914
8085916
8086215
8086229
8085925
8085931
8085952
8085964
8060491
8060514
8059948
8060535
8059961
8059967
8060542
110436805
8063355
8059988
8060001
8062912
8063399
8062929
8062930
8062952
110430629
8054148
8067268
8054172
8056718
8056719
8056725
8054183
8054187
8056732
8054189
8056734
8056747
8057183
8056762
8057209
8056771
110431541
8062195
8062205
8057250
8062217
8057253
8062226
8062228
8062231
8062248
8062253
8062489
8062258
8062495
8062496
8062497
8062498
8062502
8062504
110433984
8062506
8062507
8062509
8064490
8064492
8064496
8064504
8064505
8062980
110434615
8062981
8064546
8063009
8064556
8064560
8065632
8065670
8065849
8065852
8067064
8065795
8065811
8070476
8067406
8067417
8070517
8070522
8059300
8059304
110431686
8059323
8064886
8059440
8059449
8066147
8064932
8067537
8067540
8155631
8155742
8068580
8055095
8055097
8055099
8086285
8055599
8055143
8055613
8058064
8055635
8055639
8055644
8058075
8055649
8055653
8055654
8058087
8058093
8070815
8058755
8062866
110431745
8062869
8062617
8062618
8066249
8063213
8066257
8063219
8066274
8066035
8069839
8070049
8080415
8080419
8080423
8080455
8077113
8077118
110431996
110436311
8080761
8080477
8080762
8080478
8080767
8080773
8082601
8082603
8080794
8082334
8082339
110431636
8084562
8083682
8084565
8083688
8083691
8083695
8083698
110429599
8083710
8081082
8084002
8081098
8081124
8155294
8084713
8081443
8081474
8081502
110429790
8054291
8078812
8078813
8078820
8078835
8054321
110431645
8054343
8078865
110431154
8078868
8078874
8085235
8056849
8085250
8085252
8085254
8085272
8056866
8085287
8056887
8056888
8054206
8054228
8081882
8081884
8054264
8081902
8081906
8057638
8081994
110431897
8057656
8082008
110434014
8082009
8057673
8082026
8059799
110432669
8059809
8059810
8059811
8082122
8082140
8082148
8059855
8080545
8085469
8085472
8085476
8080553
8080554
110435797
8085503
8080598
110429761
8057408
8057416
8085681
8061437
8085688
8085705
8061449
110430492
8077964
8077968
8077970
8085727
8085734
8077989
8078009
8059507
8081546
8054489
8054521
8054531
8059870
8059898
8084306
8059916
8086392
8086395
8079913
8086399
8086415
8086423
8086428
8081141
8081142
8081186
8060732
8060737
8056619
8060745
8060747
8063671
8078410
8078432
8069098
8069118
8078449
8069120
8069122
8069126
8078470
8081834
8057272
8057907
8057324
8057326
110433077
8057930
110432823
8061655
8062546
8062554
8062560
110432194
8062574
8062578
8063857
8062592
8063472
8062036
110432506
8064667
8064668
8064675
8064680
8064686
8064688
8071890
8065464
8071916
8071917
8054578
8055531
8055814
8065368
8056196
8055787
8056229
8055799
8055800
8055805
8055812
8055813
8060238
8070620
8070622
110432742
8070623
8068362
8060252
8060253
8055995
8056007
8056008
8060292
110432817
8081019
8081028
8081034
8081045
8081046
8081049
8063702
8063703
8083217
8083243
8083250
8063735
8083263
8083274
8083275
8063743
8063745
8055845
8055850
8055865
110433186
110432297
8064849
8064852
8055879
8054749
8054756
110433137
8058970
8058971
8054797
8058982
8054804
8063887
8054858
8059018
8059020
8059025
8059026
8054868
8054869
8054870
8054871
8054872
8059030
110433170
8062073
8054891
110432445
8054898
8062084
8063318
8063325
8074162
8074178
8074179
8074180
8077242
8077243
110432904
8077265
8074212
8076888
8077453
8080706
8080711
8077483
8080721
8077488
8080111
8080743
8084050
8081711
8084092
8056325
8081753
8056337
8056349
8056354
8056356
8056366
8083902
110433046
8058354
8078954
8078955
8058364
110433107
8058372
8058376
8078980
8058383
8078982
8078983
8058384
8060641
8079022
8079169
8079173
8079178
8060682
8079193
8061564
8063503
8079362
8063514
8079379
8063531
8073087
8072206
8074410
8078523
8078546
8074450
8074451
8074454
8078572
8078577
8074464
8078579
8074465
8078580
8078584
110432943
8084966
8078066
8077539
8078068
8078070
8078076
8077550
8078083
8078088
8078093
8077566
8077571
8079479
8079506
8079512
8079521
8080505
8084320
8080509
8084327
8080519
8084341
8082835
8082840
8084351
8084355
8066609
8066610
8084362
8078744
8078745
8084383
8086449
8056535
8078802
8078473
8056547
8078489
8078491
110434077
8075101
8056578
8057259
8075119
8075125
8059124
8060808
8060818
8060819
8073322
8073327
8073331
8061344
8061366
8073359
8073365
8070398
8079064
8079074
8070469
8070470
8085047
8085048
8072366
8072399
8085799
8074481
8074482
8085817
8085828
8054657
8074528
8054666
8074545
8078133
110433966
8078136
8078145
8060303
8078153
8060313
8060322
8060330
8060333
8060355
8060364
110433561
8086331
110433298
110433656
8086368
8074949
8075454
8074989
8075003
8078191
8078621
8078622
8078623
8078627
8078641
8078649
8078230
8082166
8082468
8082176
8082503
8084809
8084810
8084818
110433867
8054388
8084840
8084855
8084856
8084860
8058206
8058207
8054933
8058227
8058230
8058233
8054970
8058265
110433340
8060138
8061817
8061826
8061834
8080831
8080833
8061841
8068002
8068003
8061852
8061864
8068029
8063099
8068060
8059150
8059158
8059164
8069770
8069773
8059176
8059180
8059188
8059197
8069813
8059204
8069817
8062129
8075538
8075540
8075562
8075570
8072075
8072077
8075586
8075588
110433899
8075598
8075600
8075606
110433800
8072106
8072107
8079264
8072131
8079279
110433436
8054725
8054731
8082391
8055241
8055257
8055267
8082420
8082423
8082424
8055288
8085389
8055301
8085396
8057712
8057713
8057714
8085397
8057725
8057730
8057758
8085435
8085446
8085451
8057783
8058890
8058893
110433282
8058906
8058913
8060109
8060112
8062351
8062352
8062354
8062364
8062365
8060971
8062379
8062383
110433576
8061001
110433963
8063141
110433924
8063150
8062442
8062443
8062451
8062458
110433470
8056117
8078684
8056128
8056131
8078695
8056139
8078710
8078714
8056168
110433908
8079806
8079807
8079812
8059375
8079825
8079826
8081298
8081300
8059393
8059417
8059423
8062277
8062279
110434003
8081324
8081328
110434161
8077373
8078047
8074138
8074146
8074151
8066467
8085164
8085197
110434655
8068250
8055063
8055082
8069915
8057516
8057535
8062821
8069951
8062825
8069966
8069969
8074637
8074659
8074672
8074686
8076119
8076125
8076126
8076127
110434932
8076140
8079394
8077628
8079408
110435049
8077633
8079424
8077652
8077654
8077658
8071063
8071623
8082890
8082893
8071637
8071653
8082929
8073765
8073767
8073792
8073804
8085554
8085556
8073808
8073815
8085581
8078318
8078339
8078345
8059051
8078365
8059096
8080392
8080395
8081697
8056054
110434874
8056074
8059597
8056800
8056804
8056806
8056820
8059617
8064227
8061020
8064231
8061037
8061040
8061041
8061042
110434681
8064257
8068877
8064276
8068888
8064292
110434329
8068916
8068920
8068935
8068938
8070554
8070555
8070556
8070592
8056470
8056485
8072429
8072434
110434878
110434967
8059668
8059683
8071730
8066160
8066164
8074777
8074795
8066201
110434506
8066218
8066410
8066431
110434646
110434410
8066436
8075710
8077685
110434910
110434634
8077703
8071745
8071748
8077710
8077711
8071759
8071776
8071798
8073155
8073855
8073158
8073858
8073875
8073170
8073175
110434480
8073887
8073895
8073204
8073210
8076029
8073212
8076033
8073221
8076037
110434463
8076041
8076046
8073914
8073915
8076216
8073936
8076227
8076228
8073956
8073957
8073958
8076241
8073968
8073976
8075156
8075157
8078881
110434350
8078886
8075170
8075177
8078889
110434489
8078918
8075201
8078930
8075205
8078936
8078942
8078946
8075216
8081931
8081935
8082690
8082696
8082703
8081987
8084640
8084644
8056409
8084674
8084681
8056432
8055323
8055326
8055331
8059712
110434865
8055351
8084453
8084460
8057261
8066529
8079966
8067578
110435243
8067618
8080015
8081486
8067619
8083010
8067620
8083013
8067627
8083036
8067634
8083047
8069256
8069258
8069283
8085632
8070637
8070643
8058560
8070646
8058565
8070661
8070663
8070665
8070669
8070681
8073624
8073633
8073646
8072757
8072758
8072765
8079742
8076748
8057150
8057160
8071541
110435397
110435890
110435602
8071716
110435827
8071726
8064417
8075807
8075819
8055008
8083105
8064787
110435301
8057006
110435841
8061725
8071942
8062650
8066689
8066691
8074371
8074372
8066697
8074374
8066698
8068292
8079108
8068325
8068350
8070180
8070201
8070203
8070204
8085988
8070242
8086015
8086016
110436021
8076353
8086035
8076373
8076375
110435678
8076377
110435509
8086037
8076379
8076380
8076383
8076384
8076385
8076691
8079944
8086042
8080240
110436287
8080242
8057340
8080262
8065969
8080272
8083405
8083415
8067735
8067752
8067760
8085743
8086490
8070788
110436396
8070824
8070962
8070964
8072029
8070848
8072041
8072072
110436172
8073003
8073018
8077607
8073998
8075832
110436208
110436327
8075841
8080341
8080344
8075852
8075854
110436485
8075863
8075868
8073417
8057477
8073436
8057478
110436487
8058687
8058691
8073582
8058715
8060168
8060174
8073714
8075875
8060198
8060206
8064455
8084661
8075933
8056016
8082858
8056036
8056047
8083315
8083323
8058344
8083331
8055926
8055927
8083335
8055931
8055941
8055943
8055956
8055957
8083349
8083350
8083360
8083361
8083363
8083364
8083365
8055967
8083374
8083375
8055973
8056589
8056590
8056591
8056604
8057588
8057591
8056613
8056614
8057552
8060408
8060409
8060431
8057680
8060436
8060437
8060442
8071079
110436582
8071080
8071090
8071095
8071106
8063911
8063920
8072276
8072280
8063931
8063947
8063965
8065844
8066792
8074715
8074719
8066825
8066851
110436358
8079558
8079560
8068483
8079577
8068486
8068504
8079605
8070251
8079612
8070281
8082556
8070283
8070284
110436144
8070306
8082592
8082594
8076460
8085866
8076466
8085894
8076513
8076516
8055473
8064306
8064312
8067923
8068530
8066077
8068557
8066098
8074021
8074072
110436951
8067798
110437025
8076554
8067828
8067829
8080836
8069623
8080837
8080849
8069635
8080851
8080854
8069641
110436795
8080870
8069654
110429526
110437035
8069668
8069671
8069679
8069684
8071112
8071117
8071148
8085025
110436938
8085160
8072153
8085844
8086050
8086051
8072154
8086095
8086096
8057873
8073262
8067939
8069893
8071033
8070009
8070015
8073533
8073540
110437008
8070087
8075385
8075389
8075658
8075661
8075663
8075407
8076068
8077823
8075668
8077829
8075673
8077831
8077832
8077835
8077850
8077856
8077877
8077884
8080636
8083514
8080658
110437395
8083533
110437038
8083540
8083560
8083565
8054817
8054837
8054838
8057799
8057801
8058010
8058032
8057846
8058045
8057853
110436775
8060554
110436807
8060559
8057868
8057869
110437401
8060372
8060898
8060908
8060591
8060932
8060596
8060937
8060949
8060611
8060951
8063975
8062420
8081337
8081343
8081348
8064005
8064006
8064007
8057899
8064020
8064022
8064025
8064030
8064032
8055191
8067012
8067022
8055366
8055367
8055368
8067036
8067037
8055374
8055378
8055382
8055476
8064764
8055487
8070352
110429621
8071417
8070371
8071446
8071303
8071448
8067141
110429610
8074851
8074855
8074856
8074857
8074892
8066972
8079836
8079839
8079845
8073468
8079847
8073481
8079855
8079857
8079868
8079871
110437489
8079894
110437491
8054108
8054118
110429645
8084761
8082802
8084794
8082811
8082814
8082819
8082822
8083097
8054973
8084238
110429775
8155407
8063235
8063245
8064058
8063283
8064102
8064126
8064587
8067214
8064615
8065952
8068838
8068849
110437477
8068101
8068109
8068115
110429633
8074282
8069701
8069712
8074300
8074824
8069715
110437629
8069718
8076618
8076619
8069721
8069722
8069747
8069750
8070110
8076665
8076666
8070136
110429792
8076679
8084396
8070158
8084398
8070167
8084416
8071479
8084427
8071483
8071489
8071499
8065221
110429687
110429855
110429794
8071537
8065257
8065263
8068649
8067300
110430288
8067317
8067318
8067319
110430048
8068692
110430376
8068147
8068150
8068151
8071251
8071259
8068166
8071266
8071272
8071273
8068182
8068183
8068198
8068203
110430094
8071295
8075952
8068214
8068215
8069471
110430251
8069474
110430520
8069524
8076012
8080926
8071217
8080931
8064208
8055710
8055711
8065905
8065907
8065916
8055721
110430121
8055733
8056462
8066638
8066642
8066652
8058326
110430291
110429986
8061325
8083739
8061333
8083751
8061915
8077672
8077673
8077939
8085075
8085123
8085124
8085134
8076962
8058462
8076973
8076977
8058469
8076981
110430143
8058501
8077164
8058517
8072499
8072504
8058529
8061735
8072505
8061748
8061755
8072534
8072552
110430024
8076986
8061805
8076992
110430597
8077007
8077012
8077020
8077024
8077030
8064173
8064176
8077043
8077047
8077053
8064190
8080069
8067473
8080093
8080107
8067504
8082971
8067514
8067520
8067527
8068943
110430358
8068964
8084440
8068982
8061065
8061067
8061079
8069000
8061113
8074564
8074587
8074593
8074594
8074598
8063603
8074604
8063612
8063615
8063620
8064695
8064699
8074620
8074825
8064702
8064714
8083803
8064722
8064723
8064724
110430538
8083816
8064748
8065953
110430297
8066567
8065345
8066575
8069252
8067880
8067884
8066871
8067899
110430949
8066883
110430872
8066888
8069036
8068371
8069061
8069067
8069083
8070705
8068424
8068427
8070710
8068769
8068770
8070732
8071309
110430962
8071350
8070859
8070870
8076144
8070886
8076148
8076161
8076172
8065407
8076203
8065414
8065450
8065451
8065457
8070743
8070748
8077335
8070755
8077345
8077354
8080034
8080038
8080057
8065503
8065510
8081284
8065521
8057890
8061495
8065733
8065753
8065765
8065771
8065773
8065782
8061537
8061538
8076389
110431090
8076401
8072813
110431059
8073049
8073060
8085379
110431149
8058817
8058852
8058861
8072684
8061938
8073072
8061953
8061957
8061978
8076725
8061989
8065025
8065027
8082250
8082252
8065075
8082265
8067642
8082443
8067649
8067650
110431042
8067662
110431183
8067679
110430700
8067685
8155363
8083495
110430820
8058413
8058416
110431245
8058420
8058421
8058449
8069368
8058456
8069381
8069392
8061586
8061587
8083191
8083194
8083201
8083208
8061613
8083214
8064947
8065099
8065113
8065137
110430900
8063839
8065582
8064297
8065585
8064971
8065614
8064983
8065617
8069197
8065005
8065008
8066377
110431210
8066400
8155318
8155625
8155289
8155654
8155723
